1763655985573 0.25804416403785485 0 e1e23ce511b14b0abbd17287a6c5121c
1763655985573 0.25804416403785485 0 e1e23ce511b14b0abbd17287a6c5121c
1763656042263 0.4223838128359152 0 e1e23ce511b14b0abbd17287a6c5121c
1763655985573 0.25804416403785485 0 e1e23ce511b14b0abbd17287a6c5121c
1763655985573 0.25804416403785485 0 e1e23ce511b14b0abbd17287a6c5121c
1763656042263 0.4223838128359152 0 e1e23ce511b14b0abbd17287a6c5121c
1763656094575 0.4992614475627769 0 e1e23ce511b14b0abbd17287a6c5121c
1763655985573 0.25804416403785485 0 e1e23ce511b14b0abbd17287a6c5121c
1763655985573 0.25804416403785485 0 e1e23ce511b14b0abbd17287a6c5121c
1763656042263 0.4223838128359152 0 e1e23ce511b14b0abbd17287a6c5121c
1763655985573 0.25804416403785485 0 e1e23ce511b14b0abbd17287a6c5121c
1763655985573 0.25804416403785485 0 e1e23ce511b14b0abbd17287a6c5121c
1763656042263 0.4223838128359152 0 e1e23ce511b14b0abbd17287a6c5121c
1763656094575 0.4992614475627769 0 e1e23ce511b14b0abbd17287a6c5121c
1763656150978 0.5419575438096593 0 e1e23ce511b14b0abbd17287a6c5121c
1763655985573 0.25804416403785485 0 e1e23ce511b14b0abbd17287a6c5121c
1763655985573 0.25804416403785485 0 e1e23ce511b14b0abbd17287a6c5121c
1763656042263 0.4223838128359152 0 e1e23ce511b14b0abbd17287a6c5121c
1763655985573 0.25804416403785485 0 e1e23ce511b14b0abbd17287a6c5121c
1763655985573 0.25804416403785485 0 e1e23ce511b14b0abbd17287a6c5121c
1763656042263 0.4223838128359152 0 e1e23ce511b14b0abbd17287a6c5121c
1763656094575 0.4992614475627769 0 e1e23ce511b14b0abbd17287a6c5121c
1763655985573 0.25804416403785485 0 e1e23ce511b14b0abbd17287a6c5121c
1763655985573 0.25804416403785485 0 e1e23ce511b14b0abbd17287a6c5121c
1763656042263 0.4223838128359152 0 e1e23ce511b14b0abbd17287a6c5121c
1763655985573 0.25804416403785485 0 e1e23ce511b14b0abbd17287a6c5121c
1763655985573 0.25804416403785485 0 e1e23ce511b14b0abbd17287a6c5121c
1763656042263 0.4223838128359152 0 e1e23ce511b14b0abbd17287a6c5121c
1763656094575 0.4992614475627769 0 e1e23ce511b14b0abbd17287a6c5121c
1763656150978 0.5419575438096593 0 e1e23ce511b14b0abbd17287a6c5121c
1763656206046 0.583549311144455 0 e1e23ce511b14b0abbd17287a6c5121c
1763655985573 0.25804416403785485 0 e1e23ce511b14b0abbd17287a6c5121c
1763655985573 0.25804416403785485 0 e1e23ce511b14b0abbd17287a6c5121c
1763656042263 0.4223838128359152 0 e1e23ce511b14b0abbd17287a6c5121c
1763655985573 0.25804416403785485 0 e1e23ce511b14b0abbd17287a6c5121c
1763655985573 0.25804416403785485 0 e1e23ce511b14b0abbd17287a6c5121c
1763656042263 0.4223838128359152 0 e1e23ce511b14b0abbd17287a6c5121c
1763656094575 0.4992614475627769 0 e1e23ce511b14b0abbd17287a6c5121c
1763655985573 0.25804416403785485 0 e1e23ce511b14b0abbd17287a6c5121c
1763655985573 0.25804416403785485 0 e1e23ce511b14b0abbd17287a6c5121c
1763656042263 0.4223838128359152 0 e1e23ce511b14b0abbd17287a6c5121c
1763655985573 0.25804416403785485 0 e1e23ce511b14b0abbd17287a6c5121c
1763655985573 0.25804416403785485 0 e1e23ce511b14b0abbd17287a6c5121c
1763656042263 0.4223838128359152 0 e1e23ce511b14b0abbd17287a6c5121c
1763656094575 0.4992614475627769 0 e1e23ce511b14b0abbd17287a6c5121c
1763656150978 0.5419575438096593 0 e1e23ce511b14b0abbd17287a6c5121c
1763655985573 0.25804416403785485 0 e1e23ce511b14b0abbd17287a6c5121c
1763655985573 0.25804416403785485 0 e1e23ce511b14b0abbd17287a6c5121c
1763656042263 0.4223838128359152 0 e1e23ce511b14b0abbd17287a6c5121c
1763655985573 0.25804416403785485 0 e1e23ce511b14b0abbd17287a6c5121c
1763655985573 0.25804416403785485 0 e1e23ce511b14b0abbd17287a6c5121c
1763656042263 0.4223838128359152 0 e1e23ce511b14b0abbd17287a6c5121c
1763656094575 0.4992614475627769 0 e1e23ce511b14b0abbd17287a6c5121c
1763655985573 0.25804416403785485 0 e1e23ce511b14b0abbd17287a6c5121c
1763655985573 0.25804416403785485 0 e1e23ce511b14b0abbd17287a6c5121c
1763656042263 0.4223838128359152 0 e1e23ce511b14b0abbd17287a6c5121c
1763655985573 0.25804416403785485 0 e1e23ce511b14b0abbd17287a6c5121c
1763655985573 0.25804416403785485 0 e1e23ce511b14b0abbd17287a6c5121c
1763656042263 0.4223838128359152 0 e1e23ce511b14b0abbd17287a6c5121c
1763656094575 0.4992614475627769 0 e1e23ce511b14b0abbd17287a6c5121c
1763656150978 0.5419575438096593 0 e1e23ce511b14b0abbd17287a6c5121c
1763656206046 0.583549311144455 0 e1e23ce511b14b0abbd17287a6c5121c
1763656257666 0.6066050198150593 0 e1e23ce511b14b0abbd17287a6c5121c
1763655985573 0.25804416403785485 0 e1e23ce511b14b0abbd17287a6c5121c
1763655985573 0.25804416403785485 0 e1e23ce511b14b0abbd17287a6c5121c
1763656042263 0.4223838128359152 0 e1e23ce511b14b0abbd17287a6c5121c
1763655985573 0.25804416403785485 0 e1e23ce511b14b0abbd17287a6c5121c
1763655985573 0.25804416403785485 0 e1e23ce511b14b0abbd17287a6c5121c
1763656042263 0.4223838128359152 0 e1e23ce511b14b0abbd17287a6c5121c
1763656094575 0.4992614475627769 0 e1e23ce511b14b0abbd17287a6c5121c
1763655985573 0.25804416403785485 0 e1e23ce511b14b0abbd17287a6c5121c
1763655985573 0.25804416403785485 0 e1e23ce511b14b0abbd17287a6c5121c
1763656042263 0.4223838128359152 0 e1e23ce511b14b0abbd17287a6c5121c
1763655985573 0.25804416403785485 0 e1e23ce511b14b0abbd17287a6c5121c
1763655985573 0.25804416403785485 0 e1e23ce511b14b0abbd17287a6c5121c
1763656042263 0.4223838128359152 0 e1e23ce511b14b0abbd17287a6c5121c
1763656094575 0.4992614475627769 0 e1e23ce511b14b0abbd17287a6c5121c
1763656150978 0.5419575438096593 0 e1e23ce511b14b0abbd17287a6c5121c
1763655985573 0.25804416403785485 0 e1e23ce511b14b0abbd17287a6c5121c
1763655985573 0.25804416403785485 0 e1e23ce511b14b0abbd17287a6c5121c
1763656042263 0.4223838128359152 0 e1e23ce511b14b0abbd17287a6c5121c
1763655985573 0.25804416403785485 0 e1e23ce511b14b0abbd17287a6c5121c
1763655985573 0.25804416403785485 0 e1e23ce511b14b0abbd17287a6c5121c
1763656042263 0.4223838128359152 0 e1e23ce511b14b0abbd17287a6c5121c
1763656094575 0.4992614475627769 0 e1e23ce511b14b0abbd17287a6c5121c
1763655985573 0.25804416403785485 0 e1e23ce511b14b0abbd17287a6c5121c
1763655985573 0.25804416403785485 0 e1e23ce511b14b0abbd17287a6c5121c
1763656042263 0.4223838128359152 0 e1e23ce511b14b0abbd17287a6c5121c
1763655985573 0.25804416403785485 0 e1e23ce511b14b0abbd17287a6c5121c
1763655985573 0.25804416403785485 0 e1e23ce511b14b0abbd17287a6c5121c
1763656042263 0.4223838128359152 0 e1e23ce511b14b0abbd17287a6c5121c
1763656094575 0.4992614475627769 0 e1e23ce511b14b0abbd17287a6c5121c
1763656150978 0.5419575438096593 0 e1e23ce511b14b0abbd17287a6c5121c
1763656206046 0.583549311144455 0 e1e23ce511b14b0abbd17287a6c5121c
1763655985573 0.25804416403785485 0 e1e23ce511b14b0abbd17287a6c5121c
1763655985573 0.25804416403785485 0 e1e23ce511b14b0abbd17287a6c5121c
1763656042263 0.4223838128359152 0 e1e23ce511b14b0abbd17287a6c5121c
1763655985573 0.25804416403785485 0 e1e23ce511b14b0abbd17287a6c5121c
1763655985573 0.25804416403785485 0 e1e23ce511b14b0abbd17287a6c5121c
1763656042263 0.4223838128359152 0 e1e23ce511b14b0abbd17287a6c5121c
1763656094575 0.4992614475627769 0 e1e23ce511b14b0abbd17287a6c5121c
1763655985573 0.25804416403785485 0 e1e23ce511b14b0abbd17287a6c5121c
1763655985573 0.25804416403785485 0 e1e23ce511b14b0abbd17287a6c5121c
1763656042263 0.4223838128359152 0 e1e23ce511b14b0abbd17287a6c5121c
1763655985573 0.25804416403785485 0 e1e23ce511b14b0abbd17287a6c5121c
1763655985573 0.25804416403785485 0 e1e23ce511b14b0abbd17287a6c5121c
1763656042263 0.4223838128359152 0 e1e23ce511b14b0abbd17287a6c5121c
1763656094575 0.4992614475627769 0 e1e23ce511b14b0abbd17287a6c5121c
1763656150978 0.5419575438096593 0 e1e23ce511b14b0abbd17287a6c5121c
1763655985573 0.25804416403785485 0 e1e23ce511b14b0abbd17287a6c5121c
1763655985573 0.25804416403785485 0 e1e23ce511b14b0abbd17287a6c5121c
1763656042263 0.4223838128359152 0 e1e23ce511b14b0abbd17287a6c5121c
1763655985573 0.25804416403785485 0 e1e23ce511b14b0abbd17287a6c5121c
1763655985573 0.25804416403785485 0 e1e23ce511b14b0abbd17287a6c5121c
1763656042263 0.4223838128359152 0 e1e23ce511b14b0abbd17287a6c5121c
1763656094575 0.4992614475627769 0 e1e23ce511b14b0abbd17287a6c5121c
1763655985573 0.25804416403785485 0 e1e23ce511b14b0abbd17287a6c5121c
1763655985573 0.25804416403785485 0 e1e23ce511b14b0abbd17287a6c5121c
1763656042263 0.4223838128359152 0 e1e23ce511b14b0abbd17287a6c5121c
1763655985573 0.25804416403785485 0 e1e23ce511b14b0abbd17287a6c5121c
1763655985573 0.25804416403785485 0 e1e23ce511b14b0abbd17287a6c5121c
1763656042263 0.4223838128359152 0 e1e23ce511b14b0abbd17287a6c5121c
1763656094575 0.4992614475627769 0 e1e23ce511b14b0abbd17287a6c5121c
1763656150978 0.5419575438096593 0 e1e23ce511b14b0abbd17287a6c5121c
1763656206046 0.583549311144455 0 e1e23ce511b14b0abbd17287a6c5121c
1763656257666 0.6066050198150593 0 e1e23ce511b14b0abbd17287a6c5121c
1763656306079 0.6330420969023033 0 e1e23ce511b14b0abbd17287a6c5121c
1763655985573 0.25804416403785485 0 e1e23ce511b14b0abbd17287a6c5121c
1763655985573 0.25804416403785485 0 e1e23ce511b14b0abbd17287a6c5121c
1763656042263 0.4223838128359152 0 e1e23ce511b14b0abbd17287a6c5121c
1763655985573 0.25804416403785485 0 e1e23ce511b14b0abbd17287a6c5121c
1763655985573 0.25804416403785485 0 e1e23ce511b14b0abbd17287a6c5121c
1763656042263 0.4223838128359152 0 e1e23ce511b14b0abbd17287a6c5121c
1763656094575 0.4992614475627769 0 e1e23ce511b14b0abbd17287a6c5121c
1763655985573 0.25804416403785485 0 e1e23ce511b14b0abbd17287a6c5121c
1763655985573 0.25804416403785485 0 e1e23ce511b14b0abbd17287a6c5121c
1763656042263 0.4223838128359152 0 e1e23ce511b14b0abbd17287a6c5121c
1763655985573 0.25804416403785485 0 e1e23ce511b14b0abbd17287a6c5121c
1763655985573 0.25804416403785485 0 e1e23ce511b14b0abbd17287a6c5121c
1763656042263 0.4223838128359152 0 e1e23ce511b14b0abbd17287a6c5121c
1763656094575 0.4992614475627769 0 e1e23ce511b14b0abbd17287a6c5121c
1763656150978 0.5419575438096593 0 e1e23ce511b14b0abbd17287a6c5121c
1763655985573 0.25804416403785485 0 e1e23ce511b14b0abbd17287a6c5121c
1763655985573 0.25804416403785485 0 e1e23ce511b14b0abbd17287a6c5121c
1763656042263 0.4223838128359152 0 e1e23ce511b14b0abbd17287a6c5121c
1763655985573 0.25804416403785485 0 e1e23ce511b14b0abbd17287a6c5121c
1763655985573 0.25804416403785485 0 e1e23ce511b14b0abbd17287a6c5121c
1763656042263 0.4223838128359152 0 e1e23ce511b14b0abbd17287a6c5121c
1763656094575 0.4992614475627769 0 e1e23ce511b14b0abbd17287a6c5121c
1763655985573 0.25804416403785485 0 e1e23ce511b14b0abbd17287a6c5121c
1763655985573 0.25804416403785485 0 e1e23ce511b14b0abbd17287a6c5121c
1763656042263 0.4223838128359152 0 e1e23ce511b14b0abbd17287a6c5121c
1763655985573 0.25804416403785485 0 e1e23ce511b14b0abbd17287a6c5121c
1763655985573 0.25804416403785485 0 e1e23ce511b14b0abbd17287a6c5121c
1763656042263 0.4223838128359152 0 e1e23ce511b14b0abbd17287a6c5121c
1763656094575 0.4992614475627769 0 e1e23ce511b14b0abbd17287a6c5121c
1763656150978 0.5419575438096593 0 e1e23ce511b14b0abbd17287a6c5121c
1763656206046 0.583549311144455 0 e1e23ce511b14b0abbd17287a6c5121c
1763655985573 0.25804416403785485 0 e1e23ce511b14b0abbd17287a6c5121c
1763655985573 0.25804416403785485 0 e1e23ce511b14b0abbd17287a6c5121c
1763656042263 0.4223838128359152 0 e1e23ce511b14b0abbd17287a6c5121c
1763655985573 0.25804416403785485 0 e1e23ce511b14b0abbd17287a6c5121c
1763655985573 0.25804416403785485 0 e1e23ce511b14b0abbd17287a6c5121c
1763656042263 0.4223838128359152 0 e1e23ce511b14b0abbd17287a6c5121c
1763656094575 0.4992614475627769 0 e1e23ce511b14b0abbd17287a6c5121c
1763655985573 0.25804416403785485 0 e1e23ce511b14b0abbd17287a6c5121c
1763655985573 0.25804416403785485 0 e1e23ce511b14b0abbd17287a6c5121c
1763656042263 0.4223838128359152 0 e1e23ce511b14b0abbd17287a6c5121c
1763655985573 0.25804416403785485 0 e1e23ce511b14b0abbd17287a6c5121c
1763655985573 0.25804416403785485 0 e1e23ce511b14b0abbd17287a6c5121c
1763656042263 0.4223838128359152 0 e1e23ce511b14b0abbd17287a6c5121c
1763656094575 0.4992614475627769 0 e1e23ce511b14b0abbd17287a6c5121c
1763656150978 0.5419575438096593 0 e1e23ce511b14b0abbd17287a6c5121c
1763655985573 0.25804416403785485 0 e1e23ce511b14b0abbd17287a6c5121c
1763655985573 0.25804416403785485 0 e1e23ce511b14b0abbd17287a6c5121c
1763656042263 0.4223838128359152 0 e1e23ce511b14b0abbd17287a6c5121c
1763655985573 0.25804416403785485 0 e1e23ce511b14b0abbd17287a6c5121c
1763655985573 0.25804416403785485 0 e1e23ce511b14b0abbd17287a6c5121c
1763656042263 0.4223838128359152 0 e1e23ce511b14b0abbd17287a6c5121c
1763656094575 0.4992614475627769 0 e1e23ce511b14b0abbd17287a6c5121c
1763655985573 0.25804416403785485 0 e1e23ce511b14b0abbd17287a6c5121c
1763655985573 0.25804416403785485 0 e1e23ce511b14b0abbd17287a6c5121c
1763656042263 0.4223838128359152 0 e1e23ce511b14b0abbd17287a6c5121c
1763655985573 0.25804416403785485 0 e1e23ce511b14b0abbd17287a6c5121c
1763655985573 0.25804416403785485 0 e1e23ce511b14b0abbd17287a6c5121c
1763656042263 0.4223838128359152 0 e1e23ce511b14b0abbd17287a6c5121c
1763656094575 0.4992614475627769 0 e1e23ce511b14b0abbd17287a6c5121c
1763656150978 0.5419575438096593 0 e1e23ce511b14b0abbd17287a6c5121c
1763656206046 0.583549311144455 0 e1e23ce511b14b0abbd17287a6c5121c
1763656257666 0.6066050198150593 0 e1e23ce511b14b0abbd17287a6c5121c
1763655985573 0.25804416403785485 0 e1e23ce511b14b0abbd17287a6c5121c
1763655985573 0.25804416403785485 0 e1e23ce511b14b0abbd17287a6c5121c
1763656042263 0.4223838128359152 0 e1e23ce511b14b0abbd17287a6c5121c
1763655985573 0.25804416403785485 0 e1e23ce511b14b0abbd17287a6c5121c
1763655985573 0.25804416403785485 0 e1e23ce511b14b0abbd17287a6c5121c
1763656042263 0.4223838128359152 0 e1e23ce511b14b0abbd17287a6c5121c
1763656094575 0.4992614475627769 0 e1e23ce511b14b0abbd17287a6c5121c
1763655985573 0.25804416403785485 0 e1e23ce511b14b0abbd17287a6c5121c
1763655985573 0.25804416403785485 0 e1e23ce511b14b0abbd17287a6c5121c
1763656042263 0.4223838128359152 0 e1e23ce511b14b0abbd17287a6c5121c
1763655985573 0.25804416403785485 0 e1e23ce511b14b0abbd17287a6c5121c
1763655985573 0.25804416403785485 0 e1e23ce511b14b0abbd17287a6c5121c
1763656042263 0.4223838128359152 0 e1e23ce511b14b0abbd17287a6c5121c
1763656094575 0.4992614475627769 0 e1e23ce511b14b0abbd17287a6c5121c
1763656150978 0.5419575438096593 0 e1e23ce511b14b0abbd17287a6c5121c
1763655985573 0.25804416403785485 0 e1e23ce511b14b0abbd17287a6c5121c
1763655985573 0.25804416403785485 0 e1e23ce511b14b0abbd17287a6c5121c
1763656042263 0.4223838128359152 0 e1e23ce511b14b0abbd17287a6c5121c
1763655985573 0.25804416403785485 0 e1e23ce511b14b0abbd17287a6c5121c
1763655985573 0.25804416403785485 0 e1e23ce511b14b0abbd17287a6c5121c
1763656042263 0.4223838128359152 0 e1e23ce511b14b0abbd17287a6c5121c
1763656094575 0.4992614475627769 0 e1e23ce511b14b0abbd17287a6c5121c
1763655985573 0.25804416403785485 0 e1e23ce511b14b0abbd17287a6c5121c
1763655985573 0.25804416403785485 0 e1e23ce511b14b0abbd17287a6c5121c
1763656042263 0.4223838128359152 0 e1e23ce511b14b0abbd17287a6c5121c
1763655985573 0.25804416403785485 0 e1e23ce511b14b0abbd17287a6c5121c
1763655985573 0.25804416403785485 0 e1e23ce511b14b0abbd17287a6c5121c
1763656042263 0.4223838128359152 0 e1e23ce511b14b0abbd17287a6c5121c
1763656094575 0.4992614475627769 0 e1e23ce511b14b0abbd17287a6c5121c
1763656150978 0.5419575438096593 0 e1e23ce511b14b0abbd17287a6c5121c
1763656206046 0.583549311144455 0 e1e23ce511b14b0abbd17287a6c5121c
1763655985573 0.25804416403785485 0 e1e23ce511b14b0abbd17287a6c5121c
1763655985573 0.25804416403785485 0 e1e23ce511b14b0abbd17287a6c5121c
1763656042263 0.4223838128359152 0 e1e23ce511b14b0abbd17287a6c5121c
1763655985573 0.25804416403785485 0 e1e23ce511b14b0abbd17287a6c5121c
1763655985573 0.25804416403785485 0 e1e23ce511b14b0abbd17287a6c5121c
1763656042263 0.4223838128359152 0 e1e23ce511b14b0abbd17287a6c5121c
1763656094575 0.4992614475627769 0 e1e23ce511b14b0abbd17287a6c5121c
1763655985573 0.25804416403785485 0 e1e23ce511b14b0abbd17287a6c5121c
1763655985573 0.25804416403785485 0 e1e23ce511b14b0abbd17287a6c5121c
1763656042263 0.4223838128359152 0 e1e23ce511b14b0abbd17287a6c5121c
1763655985573 0.25804416403785485 0 e1e23ce511b14b0abbd17287a6c5121c
1763655985573 0.25804416403785485 0 e1e23ce511b14b0abbd17287a6c5121c
1763656042263 0.4223838128359152 0 e1e23ce511b14b0abbd17287a6c5121c
1763656094575 0.4992614475627769 0 e1e23ce511b14b0abbd17287a6c5121c
1763656150978 0.5419575438096593 0 e1e23ce511b14b0abbd17287a6c5121c
1763655985573 0.25804416403785485 0 e1e23ce511b14b0abbd17287a6c5121c
1763655985573 0.25804416403785485 0 e1e23ce511b14b0abbd17287a6c5121c
1763656042263 0.4223838128359152 0 e1e23ce511b14b0abbd17287a6c5121c
1763655985573 0.25804416403785485 0 e1e23ce511b14b0abbd17287a6c5121c
1763655985573 0.25804416403785485 0 e1e23ce511b14b0abbd17287a6c5121c
1763656042263 0.4223838128359152 0 e1e23ce511b14b0abbd17287a6c5121c
1763656094575 0.4992614475627769 0 e1e23ce511b14b0abbd17287a6c5121c
1763655985573 0.25804416403785485 0 e1e23ce511b14b0abbd17287a6c5121c
1763655985573 0.25804416403785485 0 e1e23ce511b14b0abbd17287a6c5121c
1763656042263 0.4223838128359152 0 e1e23ce511b14b0abbd17287a6c5121c
1763655985573 0.25804416403785485 0 e1e23ce511b14b0abbd17287a6c5121c
1763655985573 0.25804416403785485 0 e1e23ce511b14b0abbd17287a6c5121c
1763656042263 0.4223838128359152 0 e1e23ce511b14b0abbd17287a6c5121c
1763656094575 0.4992614475627769 0 e1e23ce511b14b0abbd17287a6c5121c
1763656150978 0.5419575438096593 0 e1e23ce511b14b0abbd17287a6c5121c
1763656206046 0.583549311144455 0 e1e23ce511b14b0abbd17287a6c5121c
1763656257666 0.6066050198150593 0 e1e23ce511b14b0abbd17287a6c5121c
1763656306079 0.6330420969023033 0 e1e23ce511b14b0abbd17287a6c5121c
1763656358534 0.6613969158999611 0 e1e23ce511b14b0abbd17287a6c5121c
